2212148083800,41.644409,0.797500,193.6,-0.3,6.0E
2212148092700,41.644405,0.797441,201.2,-2.3,6.0E
2212148095300,41.644409,0.797438,201.3,-2.5,6.0E
2212148102000,41.644412,0.797420,201.1,-0.4,6.0E
2212148120700,41.644351,0.797420,204.3,-2.0,6.0E
2212148145600,41.644351,0.797394,195.6,-2.1,6.0E
2212148180900,41.644386,0.797462,205.6,-1.9,6.1E
2212148200600,41.644393,0.797415,201.2,-1.8,6.1E
2212148220800,41.644401,0.797432,207.3,-1.9,6.1E
2212148243600,41.644393,0.797463,205.6,-2.0,6.1E
2212148262700,41.644428,0.797424,202.1,-2.1,6.1E
08281900,41.644420,0.797427,204.0,-2.0,6.0E
2212148301000,41.644390,0.797467,211.5,-0.3,6.0E
08320500,41.644378,0.797461,211.8,-0.1,6.0E
2212148335700,41.644420,0.797499,217.7,-2.2,5.9E
2212148385700,41.644554,0.797534,198.6,-1.3,5.9E
2212148405800,41.644557,0.797614,198.6,-1.1,5.9E
2212148435800,41.644577,0.796675,506.1,11.5,5.9E
2212148454500,41.643535,0.796783,986.3,37.0,6.0E
2212148473900,41.641117,0.798465,1242.7,34.1,6.2E
2212148493700,41.640274,0.798570,1667.5,37.2,6.6E
2212148531300,41.644348,0.786274,2634.1,36.4,7.5E
2212148551400,41.650146,0.774996,3196.9,39.4,7.9E
2212148570700,41.658103,0.763972,3750.1,151.4,8.3E
2212148590800,41.665252,0.754053,4324.0,39.6,8.4E
2212149011200,41.670238,0.747343,4925.2,50.8,8.4E
09031000,41.674758,0.744373,5497.4,387.8,8.1E
2212149050300,41.676403,0.743014,5909.2,58.6,7.7E
2212149082800,41.673889,0.739244,6434.6,246.3,6.7E
2212149102600,41.674060,0.735746,6736.4,43.5,6.0E
2212149135800,41.674152,0.727360,7411.3,56.5,4.6E
09155600,41.675331,0.722703,7723.4,372.7,3.7E
2212149174900,41.676635,0.719745,8025.9,54.9,2.9E
2212149195000,41.679096,0.716123,8358.7,354.4,1.9E
2212149214500,41.682964,0.710415,8645.3,45.0,1.0E
2212149234300,41.689487,0.702708,8948.2,54.9,-0.1E
2212149262000,41.700294,0.694861,9423.8,325.8,-1.4E
2212149282000,41.710159,0.690896,9772.3,60.2,-2.6E
2212149305400,41.724189,0.684366,10200.1,44.4,-4.1E
2212149324800,41.735321,0.680248,10527.9,267.0,-5.2E
2212149350100,41.746700,0.669681,10945.7,40.4,-6.6E
2212149371000,41.755420,0.661393,11320.0,42.3,-7.9E
2212149390900,41.756378,0.652593,11685.1,39.4,-9.1E
2212149410900,41.759109,0.645278,12049.4,231.2,-10.3E
2212149434100,41.758834,0.642364,12493.6,52.7,-11.8E
2212149464800,41.756275,0.647611,13024.5,47.8,-13.4E
2212149484800,41.752807,0.655431,13373.7,44.9,-14.3E
2212149504800,41.748054,0.663656,13752.9,207.4,-15.2E
2212149525000,41.742717,0.674819,14094.9,125.2,-15.9E
09541700,41.737110,0.682586,14344.8,53.8,-16.4E
2212149572300,41.729839,0.694313,14909.9,40.6,-17.3E
2212149592800,41.724601,0.705763,15292.8,200.0,-17.8E
22121410020500,41.717716,0.716943,15778.9,54.3,-18.4E
22121410033300,41.714309,0.724771,16059.5,211.8,-18.7E
22121410050100,41.706733,0.731910,16344.9,52.3,-19.0E
22121410062900,41.701694,0.737764,16624.3,226.9,-19.3E
22121410075700,41.697204,0.743407,16909.9,185.2,-19.6E
22121410092500,41.695152,0.750747,17200.7,55.3,-19.9E
22121410105200,41.693565,0.759005,17491.2,179.9,-20.1E
22121410122000,41.691207,0.768916,17768.1,212.3,-20.3E
22121410134800,41.688232,0.779348,18039.3,53.5,-20.6E
22121410162400,41.681850,0.798802,18560.7,182.3,-20.9E
22121410175200,41.678047,0.806214,18860.9,195.9,-21.1E
22121410192000,41.676330,0.814588,19158.0,44.9,-21.2E
22121410204700,41.674884,0.824931,19459.8,177.5,-21.3E
22121410221500,41.674095,0.835552,19752.5,85.5,-21.4E
22121410234200,41.673126,0.846355,20047.5,62.3,-21.4E
22121410250900,41.672130,0.857432,20334.0,191.6,-21.5E
22121410263700,41.670574,0.869615,20653.8,84.9,-21.5E
22121410280400,41.669342,0.880887,20971.0,59.2,-21.5E
22121410293100,41.668098,0.892311,21276.1,64.7,-21.5E
22121410305800,41.667694,0.903438,21579.5,188.5,-21.4E
22121410322600,41.669174,0.917142,21899.9,65.4,-21.4E
22121410335300,41.667800,0.931067,22225.7,52.7,-21.2E
22121410352000,41.668418,0.949271,22546.3,168.8,-21.2E
22121410364800,41.666702,0.968796,22870.9,59.0,-21.1E
22121410381500,41.664707,0.990395,23199.8,204.7,-20.9E
22121410394300,41.658836,1.011163,23533.7,38.4,-20.7E
22121410411100,41.654468,1.030998,23851.3,181.3,-20.6E
22121410423900,41.651840,1.052017,24181.3,51.9,-20.3E
22121410440600,41.648433,1.070400,24517.4,46.8,-20.1E
22121410453400,41.645229,1.088721,24848.3,219.3,-19.8E
22121410470200,41.645370,1.109787,25177.8,91.7,-19.5E
22121410483000,41.648315,1.130499,25515.0,54.5,-19.2E
22121410550300,41.652111,1.263917,26974.9,56.5,-17.4E
22121410563000,41.653411,1.297663,27316.9,215.0,-17.0E
22121410575800,41.654823,1.332311,27638.9,208.9,-16.6E
22121410592600,41.654773,1.364879,27950.4,250.4,-16.1E
22121411005400,41.654384,1.396704,28275.5,34.5,-15.6E
22121411022100,41.654872,1.430776,28579.4,87.1,-15.1E
22121411034800,41.657657,1.463383,28877.1,144.3,-14.6E
22121411051600,41.661094,1.500397,29164.5,17.6,-14.1E
22121411064300,41.664321,1.538543,29422.4,35.0,-13.6E
22121411081000,41.668930,1.574384,28023.5,239.0,-13.0E
22121411093800,41.668937,1.601325,23724.4,22.7,-12.6E
22121411110600,41.667472,1.617991,20552.9,347.1,-12.5E
22121411123400,41.665416,1.628623,17987.5,36.7,-12.7E
011140100,41.662105,1.636689,16028.1,212.8,-13.3E
22121411160200,41.656520,1.646796,13878.1,55.6,-14.5E
22121411172900,41.653705,1.651210,12539.4,67.8,-15.6E
22121411185600,41.653461,1.647388,11321.4,198.8,-16.8E
22121411202400,41.657672,1.642600,10190.9,34.1,-18.2E
22121411215200,41.663261,1.636618,9138.7,193.9,-19.6E
22121411231900,41.670768,1.632834,8162.1,48.0,-20.7E
22121411244600,41.676460,1.629441,7223.8,45.8,-21.6E
22121411261300,41.681110,1.627205,6261.6,31.9,-22.3E
22121411274000,41.683750,1.624908,5288.2,48.0,-22.5E
22121411290700,41.684696,1.625539,4376.8,26.8,-22.4E
011303300,41.685779,1.619440,3565.1,163.0,-21.9E
22121411324300,41.692493,1.610726,2392.6,15.0,-20.4E
22121411341000,41.693790,1.605612,1648.1,7.6,-18.5E
22121411362100,41.692062,1.606922,605.3,-0.5,-15.5E
22121411374700,41.692089,1.606944,597.8,-0.1,-11.9E
22121411391300,41.692111,1.606916,591.1,-0.2,-8.8E
22121411452700,41.692111,1.606936,594.7,-0.4,-1.6E
011504300,41.692081,1.606904,593.4,-0.3,1.3E
22121411565800,41.692085,1.606861,588.8,-0.4,3.7E
22121412000000,41.692047,1.606861,584.5,-0.1,4.6E
22121412061300,41.692100,1.606820,589.4,0.0,6.0E
22121412084300,41.692050,1.606842,594.3,-0.2,6.4E
22121412151000,41.692073,1.606769,575.7,-0.2,7.1E
22121412173700,41.692043,1.606785,576.5,0.0,7.3E
22121412193500,41.692031,1.606781,600.9,-0.1,7.4E
22121412261100,41.692039,1.606823,599.8,-0.2,7.9E
012280000,41.692081,1.607210,589.2,0.0,8.0E
012343800,41.693485,1.607042,574.8,-0.2,8.6E
22121412362600,41.693527,1.607127,553.5,-0.3,9.0E
22121412381900,41.693576,1.607027,559.0,0.1,9.3E
22121412402700,41.693592,1.607057,553.6,-0.1,9.8E
22121412425800,41.693603,1.607060,548.4,-0.3,10.1E
22121412442300,41.693603,1.607058,548.0,-0.6,10.4E
